G1,,441440.005,2565504.001,1294.798
G2,,441558.503,2565410.203,1293.859
G3,,441464.501,2565388.001,1293.619
KZD1,,440764.450,2564500.000,343.998
KZD2,,440528.000,2564578.000,344.798
KZD3,,440639.500,2564344.439,343.689
KZD4,,440646.500,2564484.200,343.859
KZD5,,440552.500,2564462.000,343.619
KZD6,,440583.600,2564330.000,343.540
K7,,441377.564,2565518.144,1254.587
K8,,441340.474,2565520.574,1254.637
K9,,441289.494,2565523.884,1254.838
K10,,441268.947,2565597.124,1261.903
K11,,441337.543,2565601.013,1263.301
K12,,441414.057,2565576.110,1254.544
K13,,441468.031,2565559.762,1254.915
K14,,441513.334,2565542.204,1254.628
K15,,441357.113,2565431.761,1254.537
K16,,441306.794,2565422.204,1254.538
K17,,441259.037,2565418.358,1254.551
K18,,441233.676,2565486.772,1254.689
K19,,441219.403,2565540.743,1255.211
K20,,441208.460,2565580.072,1262.537
G4,,441277.660,2565558.796,1256.737
G5,,441303.533,2565563.713,1256.874
G6,,441334.178,2565567.872,1257.179
G7,,441360.684,2565565.646,1255.788
G8,,441361.100,2565560.634,1255.779
G9,,441363.276,2565556.530,1255.781
G10,,441366.469,2565554.565,1255.768
G11,,441363.568,2565568.167,1255.881
G12,,441365.814,2565569.518,1255.790
G13,,441368.575,2565570.272,1255.792
G14,,441371.304,2565569.926,1255.788
G15,,441372.105,2565569.661,1255.790
G16,,441373.948,2565555.133,1255.878
G17,,441375.422,2565556.868,1255.775
G18,,441377.098,2565560.175,1255.777
G19,,441377.456,2565562.848,1255.880
G20,,441365.885,2565558.657,1255.779
G21,,441368.232,2565557.454,1255.771
G22,,441371.080,2565557.726,1255.774
G23,,441373.277,2565559.702,1255.775
G24,,441373.880,2565562.634,1255.778
G25,,441372.193,2565565.778,1255.789
G26,,441368.697,2565566.827,1255.790
G27,,441365.611,2565565.164,1255.786
G28,,441364.476,2565562.990,1255.781
G29,,441380.371,2565569.506,1255.774
G30,,441394.978,2565574.373,1254.722
G31,,441411.293,2565577.882,1254.545
G32,,441429.427,2565581.535,1254.514
G33,,441447.444,2565583.761,1255.111
G34,,441457.472,2565574.585,1255.182
G35,,441461.102,2565564.273,1255.039
G36,,441472.928,2565558.947,1254.803
G37,,441484.519,2565554.294,1254.602
G38,,441501.408,2565547.511,1254.606
G39,,441514.846,2565541.808,1254.611
G40,,441509.507,2565531.222,1254.636
G41,,441501.918,2565514.577,1254.671
G42,,441494.418,2565496.917,1254.713
G43,,441492.062,2565481.822,1254.829
G44,,441491.581,2565472.166,1254.822
G45,,441489.917,2565463.846,1254.828
G46,,441478.494,2565460.339,1254.669
G47,,441464.632,2565457.822,1254.499
G48,,441452.537,2565454.821,1254.504
G49,,441439.174,2565451.698,1254.508
G50,,441423.121,2565447.900,1254.640
G51,,441403.924,2565443.475,1254.573
G52,,441396.255,2565441.583,1254.597
G53,,441484.468,2565472.940,1254.821
G54,,441467.818,2565469.683,1254.643
G55,,441450.198,2565465.487,1254.576
G56,,441431.700,2565461.163,1254.572
G57,,441415.343,2565457.356,1254.576
G58,,441399.598,2565453.562,1254.573
G59,,441392.930,2565451.786,1254.577
G60,,441378.127,2565448.352,1254.574
G61,,441364.672,2565445.286,1254.603
G62,,441347.239,2565441.228,1254.582
G63,,441328.365,2565436.765,1254.530
G64,,441315.920,2565433.789,1254.528
G65,,441307.356,2565431.780,1254.521
G66,,441388.623,2565439.573,1254.627
G67,,441377.018,2565436.946,1254.607
G68,,441363.469,2565433.865,1254.525
G69,,441345.661,2565429.653,1254.518
G70,,441329.688,2565425.929,1254.521
G71,,441315.292,2565422.521,1254.524
G72,,441308.363,2565420.947,1254.520
G73,,441304.786,2565438.161,1254.521
G74,,441302.182,2565449.464,1254.522
G75,,441297.823,2565467.133,1254.511
G76,,441292.902,2565486.413,1254.566
G77,,441287.624,2565508.282,1254.652
G78,,441283.093,2565527.515,1254.845
G79,,441280.255,2565538.989,1255.435
G80,,441277.331,2565551.454,1256.725
G81,,441276.085,2565556.496,1256.728
G82,,441370.216,2565554.197,1255.769
G83,,441373.386,2565536.801,1255.183
G84,,441375.762,2565525.899,1254.517
G85,,441378.331,2565514.284,1254.566
G86,,441381.882,2565498.076,1254.659
G87,,441384.011,2565488.309,1254.664
G88,,441386.207,2565478.144,1254.652
G89,,441388.714,2565467.032,1254.593
G90,,441391.512,2565455.366,1254.586
G91,,441395.103,2565466.426,1254.567
G92,,441403.381,2565468.375,1254.569
G93,,441411.282,2565470.133,1254.757
G94,,441417.860,2565469.818,1254.518
G95,,441419.832,2565466.831,1254.569
G96,,441420.874,2565464.132,1254.575
G97,,441395.384,2565477.798,1254.633
G98,,441403.391,2565479.023,1254.672
G99,,441413.337,2565480.734,1254.591
G100,,441425.190,2565476.211,1254.535
G101,,441283.769,2565570.698,1256.728
G102,,441300.613,2565574.147,1257.114
G103,,441313.923,2565576.852,1257.782
G104,,441331.450,2565580.444,1257.789
G105,,441350.481,2565583.856,1258.485
G106,,441365.824,2565586.063,1259.076
G107,,441377.261,2565587.724,1260.117
G108,,441388.460,2565590.283,1258.261
G109,,441400.844,2565592.777,1256.976
G110,,441411.061,2565594.381,1256.874
G111,,441419.387,2565592.484,1254.916
G112,,441432.426,2565591.019,1254.883
G113,,441446.138,2565589.641,1254.915
G114,,441458.700,2565586.230,1255.463
G115,,441468.997,2565581.511,1258.454
G116,,441481.552,2565578.000,1255.516
G117,,441492.445,2565574.501,1255.383
G118,,441503.656,2565569.944,1253.304
G119,,441513.776,2565567.373,1253.635
G120,,441523.148,2565564.856,1253.162
G121,,441534.497,2565561.221,1253.332
G122,,441545.416,2565555.569,1253.151
G123,,441527.019,2565548.533,1254.395
G124,,441520.546,2565548.710,1254.543
G125,,441457.951,2565560.236,1255.109
G126,,441453.973,2565554.846,1255.081
G127,,441451.962,2565549.384,1255.003
G128,,441451.918,2565543.223,1254.900
G129,,441451.233,2565536.170,1254.707
G130,,441446.398,2565530.843,1254.534
G131,,441439.857,2565526.759,1254.512
G132,,441430.386,2565524.232,1254.524
G133,,441419.796,2565522.147,1254.519
G134,,441409.287,2565520.183,1254.527
G135,,441398.865,2565518.269,1254.558
G136,,441390.516,2565516.699,1254.566
G137,,441385.033,2565515.603,1254.593
G138,,441386.031,2565517.351,1254.557
G139,,441393.330,2565522.851,1254.638
G140,,441406.507,2565524.870,1254.630
G141,,441421.148,2565528.112,1254.671
G142,,441472.987,2565572.143,1255.134
G143,,441450.938,2565567.472,1255.328
G144,,441433.958,2565565.486,1254.936
G145,,441438.882,2565546.078,1254.962
G146,,441431.457,2565533.954,1254.738
G147,,441468.615,2565544.078,1254.762
G148,,441471.606,2565519.512,1254.750
G149,,441490.964,2565512.171,1254.680
G150,,441529.757,2565558.152,1253.225
G151,,441551.894,2565562.178,1254.226
G152,,441567.749,2565573.744,1256.139
G153,,441577.264,2565590.469,1254.253
G154,,441560.584,2565610.452,1246.199
G155,,441528.550,2565616.139,1227.392
G156,,441531.442,2565608.239,1231.951
G157,,441527.978,2565597.540,1235.737
G158,,441525.970,2565587.647,1238.458
G159,,441535.880,2565578.379,1243.417
G160,,441538.003,2565574.442,1245.373
G161,,441542.805,2565573.188,1247.564
G162,,441547.673,2565573.390,1249.665
G163,,441552.386,2565572.762,1252.044
G164,,441553.995,2565570.320,1253.359
G165,,441551.563,2565566.636,1253.332
G166,,441545.833,2565558.752,1252.494
G167,,441556.586,2565556.367,1254.570
G168,,441563.520,2565545.981,1254.496
G169,,441586.445,2565529.388,1254.489
G170,,441595.347,2565517.128,1254.489
G171,,441605.346,2565525.411,1254.487
G172,,441610.545,2565532.865,1254.594
G173,,441613.634,2565539.556,1254.534
G174,,441619.591,2565536.398,1252.633
G175,,441626.316,2565521.516,1252.709
G176,,441612.114,2565506.588,1254.873
G177,,441607.225,2565498.096,1254.983
G178,,441598.495,2565500.311,1254.861
G179,,441622.600,2565491.367,1255.099
G180,,441629.549,2565481.339,1255.374
G181,,441634.497,2565470.588,1255.067
G182,,441639.035,2565459.934,1254.380
G183,,441640.587,2565452.765,1254.717
G184,,441641.423,2565443.887,1254.586
G185,,441640.594,2565436.101,1254.498
G186,,441636.707,2565425.330,1254.471
G187,,441631.844,2565413.905,1254.910
G188,,441627.718,2565406.298,1255.566
G189,,441617.567,2565401.456,1254.784
G190,,441405.667,2565595.687,1256.724
G191,,441391.917,2565595.263,1257.765
G192,,441382.299,2565593.945,1259.792
G193,,441372.886,2565590.955,1260.848
G194,,441372.909,2565599.614,1260.720
G195,,441381.648,2565597.321,1259.284
G196,,441385.337,2565598.746,1258.795
G197,,441390.559,2565599.460,1257.901
G198,,441396.000,2565599.900,1257.765
G199,,441402.293,2565599.174,1257.547
G200,,441412.414,2565597.098,1256.309
