G1,,441683.453,2565365.002,1227.998
G2,,441447.003,2565443.001,1228.798
G3,,441558.504,2565209.443,1227.689
KZD1,,440764.450,2564500.000,343.998
KZD2,,440528.000,2564578.000,344.798
KZD3,,440639.500,2564344.439,343.689
KZD4,,440646.500,2564484.200,343.859
KZD5,,440552.500,2564462.000,343.619
KZD6,,440583.600,2564330.000,343.540
K7,,440401.202,2564488.828,343.613
K8,,440417.695,2564439.534,343.549
K9,,440439.422,2564344.581,343.540
K10,,440378.142,2564564.058,344.213
K11,,440339.207,2564563.464,348.191
K12,,440353.463,2564499.502,343.531
K13,,440366.921,2564444.100,343.661
K14,,440381.325,2564410.472,343.940
K15,,440403.328,2564392.663,343.696
K16,,440487.524,2564359.494,343.541
K17,,440467.015,2564452.146,343.543
K18,,440448.471,2564523.509,343.663
K19,,440433.861,2564580.514,345.747
K20,,440569.544,2564388.622,343.545
G4,,440338.302,2564564.500,348.258
G5,,440346.780,2564564.011,346.523
G6,,440356.877,2564563.594,344.472
G7,,440365.494,2564562.308,344.181
G8,,440371.916,2564562.353,344.185
G9,,440378.229,2564563.739,344.193
G10,,440380.130,2564556.529,344.197
G11,,440381.991,2564550.007,344.204
G12,,440383.726,2564542.512,344.179
G13,,440386.168,2564532.137,343.836
G14,,440389.343,2564519.319,343.661
G15,,440391.925,2564509.142,343.667
G16,,440394.942,2564497.414,343.672
G17,,440397.131,2564490.680,343.662
G18,,440401.146,2564481.959,343.570
G19,,440404.181,2564471.987,343.543
G20,,440407.936,2564459.242,343.526
G21,,440410.836,2564449.239,343.517
G22,,440413.601,2564439.240,343.526
G23,,440416.506,2564428.749,343.520
G24,,440419.766,2564415.956,343.517
G25,,440423.228,2564401.981,343.516
G26,,440426.262,2564389.660,343.517
G27,,440429.159,2564377.705,343.524
G28,,440432.441,2564364.810,343.518
G29,,440435.893,2564350.884,343.521
G30,,440442.273,2564341.941,343.516
G31,,440453.438,2564340.472,343.514
G32,,440461.761,2564341.873,343.517
G33,,440467.727,2564343.272,343.517
G34,,440475.230,2564345.174,343.517
G35,,440480.695,2564346.597,343.523
G36,,440485.723,2564347.803,343.535
G37,,440488.702,2564348.582,343.520
G38,,440488.702,2564348.581,343.520
G39,,440490.987,2564342.640,343.556
G40,,440493.499,2564335.147,343.523
G41,,440495.287,2564329.850,343.521
G42,,440497.004,2564326.332,343.520
G43,,440499.163,2564323.562,343.524
G44,,440501.572,2564321.861,343.519
G45,,440505.458,2564320.122,343.520
G46,,440509.278,2564318.985,343.523
G47,,440514.556,2564318.073,343.522
G48,,440519.481,2564317.702,343.527
G49,,440523.164,2564317.662,343.520
G50,,440527.837,2564318.152,343.508
G51,,440533.035,2564319.023,343.513
G52,,440537.868,2564319.897,343.518
G53,,440543.105,2564320.876,343.527
G54,,440548.586,2564321.840,343.517
G55,,440553.651,2564322.745,343.525
G56,,440559.972,2564323.956,343.529
G57,,440564.544,2564324.840,343.523
G58,,440569.481,2564325.827,343.519
G59,,440574.898,2564326.935,343.518
G60,,440579.275,2564327.880,343.525
G61,,440584.012,2564328.947,343.520
G62,,440583.772,2564335.294,343.529
G63,,440582.788,2564339.786,343.517
G64,,440581.759,2564344.719,343.518
G65,,440580.609,2564349.678,343.517
G66,,440579.257,2564355.129,343.507
G67,,440578.240,2564359.298,343.506
G68,,440577.159,2564363.841,343.502
G69,,440576.241,2564367.428,343.502
G70,,440575.388,2564371.093,343.508
G71,,440574.226,2564375.758,343.514
G72,,440573.097,2564380.495,343.526
G73,,440571.656,2564386.334,343.522
G74,,440570.044,2564392.740,343.538
G75,,440568.943,2564397.268,343.524
G76,,440567.771,2564401.912,343.531
G77,,440566.752,2564406.336,343.549
G78,,440565.339,2564412.135,343.551
G79,,440564.110,2564417.196,343.550
G80,,440563.092,2564421.544,343.568
G81,,440561.332,2564427.782,343.558
G82,,440560.278,2564432.902,343.557
G83,,440559.125,2564437.389,343.552
G84,,440557.962,2564442.298,343.552
G85,,440556.650,2564447.976,343.574
G86,,440555.119,2564454.066,343.595
G87,,440553.770,2564459.460,343.591
G88,,440552.837,2564462.801,343.593
G89,,440479.252,2564438.277,343.524
G90,,440480.726,2564431.096,343.537
G91,,440482.083,2564425.606,343.543
G92,,440483.774,2564419.415,343.532
G93,,440485.268,2564413.483,343.541
G94,,440486.470,2564408.105,343.546
G95,,440488.195,2564401.526,343.545
G96,,440489.648,2564395.519,343.535
G97,,440491.067,2564390.016,343.538
G98,,440492.060,2564385.510,343.534
G99,,440493.435,2564379.517,343.531
G100,,440494.651,2564374.662,343.533
G101,,440495.717,2564370.561,343.539
G102,,440484.893,2564368.503,343.527
G103,,440484.076,2564372.048,343.517
G104,,440483.336,2564375.056,343.525
G105,,440482.326,2564379.334,343.521
G106,,440480.893,2564384.885,343.526
G107,,440479.658,2564389.892,343.527
G108,,440478.471,2564394.666,343.538
G109,,440477.100,2564400.007,343.545
G110,,440476.043,2564404.435,343.554
G111,,440474.600,2564410.346,343.551
G112,,440473.189,2564416.046,343.543
G113,,440472.078,2564420.797,343.538
G114,,440470.904,2564425.657,343.539
G115,,440469.422,2564431.676,343.535
G116,,440468.168,2564436.945,343.535
G117,,440466.483,2564443.983,343.511
G118,,440386.651,2564566.450,344.188
G119,,440392.394,2564569.496,344.317
G120,,440398.795,2564572.408,344.623
G121,,440405.162,2564574.765,345.014
G122,,440412.288,2564576.268,345.372
G123,,440418.015,2564576.755,345.550
G124,,440423.975,2564577.396,345.623
G125,,440430.678,2564578.828,345.693
G126,,440432.582,2564584.768,345.726
G127,,440431.405,2564590.774,345.728
G128,,440430.431,2564596.073,345.899
G129,,440429.680,2564600.587,346.577
G130,,440428.901,2564604.744,347.535
G131,,440428.255,2564608.316,348.516
G132,,440427.144,2564613.512,349.930
G133,,440425.999,2564618.031,350.900
G134,,440424.594,2564623.588,351.656
G135,,440422.496,2564628.233,352.091
G136,,440419.169,2564631.799,352.393
G137,,440415.061,2564634.752,352.546
G138,,440409.775,2564637.455,352.608
G139,,440403.274,2564639.659,352.697
G140,,440394.478,2564640.245,353.086
G141,,440395.159,2564608.338,347.785
G142,,440395.161,2564608.337,347.785
G143,,440379.240,2564600.865,348.826
G144,,440372.765,2564598.841,350.348
G145,,440366.492,2564596.429,350.157
G146,,440358.919,2564597.923,348.635
G147,,440351.655,2564592.653,347.219
G148,,440346.195,2564585.252,346.859
G149,,440340.776,2564579.474,347.332
G150,,440336.556,2564573.287,348.401
G151,,440329.311,2564578.713,349.361
G152,,440320.350,2564581.759,351.462
G153,,440361.799,2564603.667,351.559
G154,,440369.770,2564609.788,352.460
G155,,440333.619,2564536.599,343.434
G156,,440333.181,2564525.363,344.697
G157,,440334.456,2564512.915,346.143
G158,,440333.728,2564498.895,348.135
G159,,440331.478,2564490.628,349.322
G160,,440330.986,2564481.973,350.220
G161,,440334.851,2564473.589,350.400
G162,,440335.933,2564465.355,351.636
G163,,440329.554,2564459.016,352.794
G164,,440337.284,2564451.979,353.185
G165,,440339.134,2564440.323,355.278
G166,,440338.687,2564431.097,356.509
G167,,440345.914,2564418.092,356.837
G168,,440342.178,2564415.900,359.389
G169,,440357.101,2564413.400,352.895
G170,,440352.748,2564408.549,356.446
G171,,440349.218,2564403.134,360.432
G172,,440362.389,2564402.247,354.163
G173,,440361.313,2564399.494,356.327
G174,,440359.968,2564394.173,361.011
G175,,440363.371,2564389.770,362.950
G176,,440367.304,2564390.008,362.561
G177,,440373.788,2564392.833,357.869
G178,,440372.549,2564385.685,363.937
G179,,440369.103,2564375.296,365.341
G180,,440374.129,2564369.372,365.670
G181,,440382.122,2564370.715,365.118
G182,,440390.582,2564371.649,362.015
G183,,440395.732,2564365.655,361.207
G184,,440394.516,2564359.114,363.349
G185,,440390.430,2564349.924,364.582
G186,,440387.192,2564341.531,364.647
G187,,440390.179,2564335.384,364.003
G188,,440396.252,2564336.959,362.652
G189,,440405.333,2564341.016,359.220
G190,,440412.854,2564342.362,355.744
G191,,440420.038,2564343.190,353.502
G192,,440424.231,2564336.059,354.492
G193,,440419.249,2564333.302,357.249
G194,,440415.245,2564328.183,360.411
G195,,440413.447,2564319.875,362.123
G196,,440406.044,2564314.997,362.854
G197,,440394.160,2564311.307,364.224
G198,,440364.420,2564306.119,373.584
G199,,440364.421,2564306.118,373.584
G200,,440382.091,2564291.466,370.205
G201,,440409.734,2564296.569,367.575
G202,,440424.472,2564303.084,367.171
G203,,440449.731,2564308.030,363.584
G204,,440475.543,2564311.043,357.706
G205,,440475.542,2564311.041,357.706
G206,,440495.422,2564303.029,357.641
G207,,440515.682,2564296.402,360.136
G208,,440533.879,2564286.967,361.038
G209,,440551.469,2564278.175,365.350
G210,,440561.348,2564277.888,367.341
G211,,440415.398,2564236.118,389.665
G212,,440356.232,2564265.437,386.184
G213,,440354.571,2564319.792,369.257
G214,,440359.677,2564344.727,365.793
